[(array([-1.33645193,  0.36008485, -0.15169616,  1.78610377, -0.4812361 ,
        0.20273462,  0.1296611 , -0.05462349,  0.02301172]), -9.256246212617082)]
9
Lam=0.000
Test i=   0
beta=[ 0.49671 -0.13826  0.64769  1.52303 -0.23415 -0.23414  1.57921  0.76743
 -0.46947]
Numerical Gradient:  [-13.14597853 -42.19752441  -9.57990096  27.45426855  22.26407219
   4.54176643  29.66142461  -1.06659854  24.63563078]
Analytical Gradient:  [-13.145976   -42.19751832  -9.57990434  27.45427032  22.26407399
   4.54177184  29.66142658  -1.06660434  24.63562878]
Norm=0.0000
Test i=   1
beta=[ 0.54256 -0.46342 -0.46573  0.24196 -1.91328 -1.72492 -0.56229 -1.01283
  0.31425]
Numerical Gradient:  [ -7.24857045 -42.75917149 -15.02986038   8.09964149  35.36595159
  12.1113942  -18.47750468 -23.83433184  12.19074761]
Analytical Gradient:  [ -7.24857659 -42.7591769  -15.02986835   8.09963718  35.36594196
  12.11138942 -18.47752153 -23.83434251  12.19074327]
Norm=0.0000
Test i=   2
beta=[-0.90802 -1.4123   1.46565 -0.22578  0.06753 -1.42475 -0.54438  0.11092
 -1.15099]
Numerical Gradient:  [ -8.63814762 -47.4965077  -16.68946652   2.11674092  42.00194894
  10.44056148 -22.90111638 -27.3108185    2.64391247]
Analytical Gradient:  [ -8.63815358 -47.49649571 -16.68946379   2.1167485   42.00194913
  10.44057478 -22.90111718 -27.31081442   2.64392863]
Norm=0.0000
Test i=   3
beta=[ 0.3757  -0.60064 -0.29169 -0.60171  1.85228 -0.0135  -1.05771  0.82254
 -1.22084]
Numerical Gradient:  [ 3.30032890e-02 -5.37799110e+01 -2.59495664e+01 -1.46682964e+01
  5.31757905e+01  2.09903419e+01 -4.79888172e+01 -3.97011377e+01
 -7.73570719e+00]
Analytical Gradient:  [ 3.30112462e-02 -5.37799099e+01 -2.59495700e+01 -1.46683007e+01
  5.31757922e+01  2.09903324e+01 -4.79888184e+01 -3.97011243e+01
 -7.73571271e+00]
Norm=0.0000
Test i=   4
beta=[ 0.20886 -1.95967 -1.32819  0.19686  0.73847  0.17137 -0.11565 -0.3011
 -1.47852]
Numerical Gradient:  [ -1.54190047 -57.19463161 -26.14751793  -5.6406634   51.82768064
  20.60371571 -35.37431894 -35.09308044  -4.03236982]
Analytical Gradient:  [ -1.54190702 -57.19462501 -26.14752316  -5.64066405  51.82768193
  20.60372136 -35.3743426  -35.09308038  -4.03236836]
Norm=0.0000
Test i=   5
beta=[-0.71984 -0.46064  1.05712  0.34362 -1.76304  0.32408 -0.38508 -0.67692
  0.61168]
Numerical Gradient:  [ -7.55271685 -42.80832968 -11.41635835  14.0918246   32.77544351
  12.86909992 -11.91696128 -22.02913834  19.36941771]
Analytical Gradient:  [ -7.55271354 -42.8083158  -11.41635124  14.09183358  32.7754496
  12.8691152  -11.91694861 -22.02912668  19.36942206]
Norm=0.0000
Test i=   6
beta=[ 1.031    0.93128 -0.83922 -0.30921  0.33126  0.97555 -0.47917 -0.18566
 -1.10633]
Numerical Gradient:  [  1.46799266 -48.27460884 -23.17550525  -9.93981644  45.75347248
  21.35070076 -41.01053719 -34.81405315  -2.43566092]
Analytical Gradient:  [  1.46798174 -48.27462644 -23.17552232  -9.93983805  45.75346303
  21.35068716 -41.01054253 -34.81405732  -2.43567238]
Norm=0.0000
Test i=   7
beta=[-1.19621  0.81253  1.35624 -0.07201  1.00353  0.36164 -0.64512  0.3614
  1.53804]
Numerical Gradient:  [ -8.84879796 -43.57694365 -12.77022079   9.19649779  35.5919326
  12.82813287 -16.01469535 -24.12145363  20.60636461]
Analytical Gradient:  [ -8.84879588 -43.57694128 -12.7702201    9.19650551  35.59192599
  12.82813012 -16.01467805 -24.12145064  20.60635333]
Norm=0.0000
Test i=   8
beta=[-0.03583  1.56464 -2.61975  0.8219   0.08705 -0.29901  0.09176 -1.98757
 -0.21967]
Numerical Gradient:  [ -6.37261337 -45.9435455  -21.59691235   5.0714732   41.9945934
  15.74892394 -31.95220302 -30.21585258   5.02996613]
Analytical Gradient:  [ -6.37260312 -45.94354382 -21.59690214   5.07148786  41.99459089
  15.74894071 -31.95219075 -30.21584795   5.02997291]
Norm=0.0000
Test i=   9
beta=[ 0.35711  1.47789 -0.51827 -0.80849 -0.50176  0.9154   0.32875 -0.52976
  0.51327]
Numerical Gradient:  [ -3.43780471 -42.99227498 -17.80914545  -3.91049753  34.54995863
  16.00528208 -13.67230311 -21.02878511  14.14740609]
Analytical Gradient:  [ -3.43780781 -42.99227703 -17.8091436   -3.91049403  34.54995424
  16.00528119 -13.67230324 -21.02877732  14.14740597]
Norm=0.0000


Lam=0.100
Test i=   0
beta=[ 0.09708  0.96864 -0.70205 -0.32766 -0.39211 -1.46351  0.29612  0.26106
  0.00511]
Numerical Gradient:  [-10.72728537 -39.94531994 -16.67055471   3.36983703  30.44826826
   6.76752165  -0.07134986 -12.88677254  13.09560957]
Analytical Gradient:  [-10.72729289 -39.94532923 -16.67055667   3.36983229  30.44826429
   6.76752981  -0.0713548  -12.88677128  13.0956038 ]
Norm=0.0000
Test i=   1
beta=[-0.23459 -1.41537 -0.42065 -0.34271 -0.80228 -0.16129  0.40405  1.88619
  0.17458]
Numerical Gradient:  [ -9.96374183 -45.88698062 -17.50195793   5.34881224  29.69045454
   8.87402507  16.09103606  -6.71801672  19.05109457]
Analytical Gradient:  [ -9.96374193 -45.8869909  -17.50195832   5.3488049   29.69045283
   8.8740155   16.09103036  -6.71802349  19.05110043]
Norm=0.0000
Test i=   2
beta=[ 0.25755 -0.07445 -1.91877 -0.02651  0.06023  2.46324 -0.19236  0.30155
 -0.03471]
Numerical Gradient:  [  0.78460971 -51.95987569 -25.0154244   -4.96003167  44.31743719
  23.97388243 -27.66662419 -29.75847337   7.49893161]
Analytical Gradient:  [  0.78463121 -51.9598621  -25.01541372  -4.96001801  44.31745127
  23.97389498 -27.66661886 -29.75846233   7.4989395 ]
Norm=0.0000
Test i=   3
beta=[-1.16868  1.14282  0.75193  0.79103 -0.90939  1.40279 -1.40185  0.58686
  2.19046]
Numerical Gradient:  [ -8.45952286 -38.91345841  -9.91202569  19.88138365  30.03235065
  14.50417244 -16.2953711  -22.99059929  27.84324238]
Analytical Gradient:  [ -8.45952591 -38.91345966  -9.91201907  19.88137779  30.03234657
  14.50417394 -16.29536047 -22.99060137  27.84323387]
Norm=0.0000
Test i=   4
beta=[-0.99054 -0.5663   0.09965 -0.50348 -1.55066  0.06856 -1.0623   0.47359
 -0.91942]
Numerical Gradient:  [ -5.93959157 -44.1077475  -19.12733296  -2.6177247   39.38620807
  13.55434165 -27.18493874 -27.05969564   2.96547   ]
Analytical Gradient:  [ -5.93959006 -44.10774256 -19.12732907  -2.61771409  39.38620646
  13.55434247 -27.1849344  -27.05969991   2.96546798]
Norm=0.0000
Test i=   5
beta=[ 1.54993 -0.78325 -0.32206  0.81352 -1.23086  0.22746  1.30714 -1.60748
  0.18463]
Numerical Gradient:  [ -3.82702865 -48.41996315 -13.95182494  14.36930006  32.5052838
  15.82831715   1.62726792 -17.35556339  19.88562985]
Analytical Gradient:  [ -3.82702317 -48.41996366 -13.95182839  14.36929921  32.50529017
  15.82831002   1.62726368 -17.35555781  19.88563349]
Norm=0.0000
Test i=   6
beta=[ 0.25988  0.78182 -1.23695 -1.32046  0.52194  0.29698  0.25049  0.34645
 -0.68002]
Numerical Gradient:  [ -3.00753413 -47.00942213 -24.55331582 -15.73133659  41.46971264
  16.01100053 -20.00913923 -23.59539621   2.04715889]
Analytical Gradient:  [ -3.00753877 -47.0094205  -24.55331774 -15.73134198  41.46971362
  16.0110057  -20.00913863 -23.59539802   2.04715476]
Norm=0.0000
Test i=   7
beta=[ 0.23225  0.29307 -0.71435  1.86577  0.47383 -1.1913   0.65655 -0.97468
  0.78708]
Numerical Gradient:  [-12.37275455 -44.92868584 -12.51561343  26.83058256  31.78287216
   8.85198688   0.9581413  -16.46170631  22.14977712]
Analytical Gradient:  [-12.37275019 -44.92867026 -12.51561739  26.83058502  31.78287151
   8.85198408   0.95813791 -16.46171528  22.14978373]
Norm=0.0000
Test i=   8
beta=[ 1.1586  -0.82068  0.96338  0.41278  0.82206  1.89679 -0.24539 -0.75374
 -0.88951]
Numerical Gradient:  [  4.27330633 -55.21362709 -19.24802291  -0.6912046   49.56392559
  26.1969717  -42.77760581 -40.20910183   2.06871391]
Analytical Gradient:  [  4.27331115 -55.21363677 -19.24802742  -0.69121574  49.56392295
  26.1969712  -42.77761016 -40.20911916   2.06869516]
Norm=0.0000
Test i=   9
beta=[-0.81581 -0.0771   0.34115  0.27669  0.82718  0.013    1.45353 -0.26466
  2.72017]
Numerical Gradient:  [-14.02431735 -45.5296572  -10.13098654  20.58261543  25.89752057
   8.23343953  26.84481615  -5.1014581   38.72845582]
Analytical Gradient:  [-14.02432074 -45.52967987 -10.13100453  20.58259096  25.89750691
   8.2334297   26.84480876  -5.1014627   38.72845324]
Norm=0.0000


Lam=0.500
Test i=   0
beta=[ 0.62567 -0.85716 -1.07089  0.48247 -0.22346  0.714    0.47324 -0.07283
 -0.84679]
Numerical Gradient:  [ -2.85398301 -51.59888588 -21.80391903   4.23984829  39.90547839
  17.80787215 -12.82918447 -23.0722776    6.83620556]
Analytical Gradient:  [ -2.85398034 -51.59887818 -21.8039211    4.23983318  39.90547139
  17.80786132 -12.82919057 -23.07228538   6.83619691]
Norm=0.0000
Test i=   1
beta=[-1.51485 -0.44651  0.8564   0.21409 -1.24574  0.17318  0.38532 -0.88386
  0.15373]
Numerical Gradient:  [-12.35569584 -43.9313169  -11.53101721  14.11597736  30.74538313
   9.61463797  -1.76807475 -18.09636956  18.91964416]
Analytical Gradient:  [-12.35569647 -43.93131054 -11.53102297  14.11597307  30.74537074
   9.6146366   -1.76807775 -18.09636435  18.91963958]
Norm=0.0000
Test i=   2
beta=[ 0.05821 -1.14297  0.35779  0.56078  1.08305  1.0538  -1.37767 -0.93783
  0.51504]
Numerical Gradient:  [  1.41699275 -56.87908242 -19.77977035   2.17753495  54.61376986
  27.20846624 -57.04534942 -47.87298167   5.38807399]
Analytical Gradient:  [  1.41700614 -56.87907434 -19.77977226   2.17754286  54.61377657
  27.20847256 -57.045353   -47.87297164   5.38806812]
Norm=0.0000
Test i=   3
beta=[ 0.51379  0.51505  3.85273  0.57089  1.13557  0.954    0.65139 -0.31527
  0.75897]
Numerical Gradient:  [ -5.21835091 -44.04230936  -1.55991984  19.62417286  31.81976354
  14.45043836  -1.55595217 -20.06967748  25.9095998 ]
Analytical Gradient:  [ -5.21834968 -44.04231053  -1.55993244  19.62416606  31.81976174
  14.45042984  -1.55595301 -20.06968314  25.90959491]
Norm=0.0000
Test i=   4
beta=[-0.77283 -0.23682 -0.48536  0.08187  2.31466 -1.86727  0.68626 -1.61272
 -0.47193]
Numerical Gradient:  [-10.89620127 -52.32095646 -21.19165856   1.3462909   48.8140472
   9.75717285 -22.81469733 -30.5129447    3.03042498]
Analytical Gradient:  [-10.89619994 -52.32095549 -21.19165944   1.34628414  48.81405015
   9.75716945 -22.81469329 -30.51294036   3.03042875]
Norm=0.0000
Test i=   5
beta=[ 1.08895  0.06428 -1.07774 -0.7153   0.6796  -0.73037  0.21646  0.04557
 -0.6516 ]
Numerical Gradient:  [ -2.02164188 -48.90608807 -23.99772825 -10.63613695  43.13677096
  15.22450361 -20.83343134 -25.20153544   1.65877623]
Analytical Gradient:  [ -2.02164874 -48.90608742 -23.99772661 -10.63613809  43.13676676
  15.22450518 -20.83342447 -25.20152633   1.6587716 ]
Norm=0.0000
Test i=   6
beta=[ 2.14394  0.63392 -2.02514  0.18645 -0.66179  0.85243 -0.79252 -0.11474
  0.50499]
Numerical Gradient:  [  4.76604782 -47.0512191  -23.98412562  -3.21525704  41.31539981
  24.59690336 -35.6589112  -32.23184422   8.44300416]
Analytical Gradient:  [  4.76604846 -47.05122603 -23.98412746  -3.21525672  41.3153973
  24.59689681 -35.65891273 -32.23183693   8.44300319]
Norm=0.0000
Test i=   7
beta=[ 0.86576 -1.2003  -0.3345  -0.47495 -0.65333  1.76545  0.40498 -1.26088
  0.91786]
Numerical Gradient:  [  2.67965561 -54.70210453 -19.62432634  -3.28365104  41.93490213
  26.00053222 -20.49604291 -30.42889603  16.77145747]
Analytical Gradient:  [  2.67963878 -54.70210576 -19.624332    -3.28365708  41.93488685
  26.00051545 -20.49604637 -30.42890125  16.77145624]
Norm=0.0000
Test i=   8
beta=[ 2.12216  1.03247 -1.51937 -0.48423  1.26691 -0.70767  0.44382  0.77463
 -0.92693]
Numerical Gradient:  [ -0.21347546 -46.21327889 -24.94722366 -10.42910185  41.09710403
  14.75084446 -15.5630687  -20.76538408   0.63099606]
Analytical Gradient:  [ -0.2134781  -46.21327755 -24.94723205 -10.42910668  41.09710674
  14.75084466 -15.56307304 -20.76538624   0.63099701]
Norm=0.0000
Test i=   9
beta=[-0.05953 -3.24127 -1.02439 -0.25257 -1.24778  1.63241 -1.43014 -0.44004
  0.13074]
Numerical Gradient:  [  3.84634404 -61.97332141 -26.32699534  -8.22976745  53.13613656
  30.19381438 -51.02298246 -44.08537961   2.87299144]
Analytical Gradient:  [  3.8463557  -61.97332592 -26.32699133  -8.22977583  53.13613741
  30.19379274 -51.02299242 -44.08536966   2.8729798 ]
Norm=0.0000


Lam=5.000
Test i=   0
beta=[ 1.44127 -1.43586  1.16316  0.01023 -0.98151  0.4621   0.19906 -0.60022
  0.0698 ]
Numerical Gradient:  [ 13.8498649  -63.9919449   -2.81145276   4.92433401  28.19751899
  23.62602345 -12.59285227 -31.22314638  15.08140031]
Analytical Gradient:  [ 13.84986071 -63.99194654  -2.81144109   4.9243401   28.19752416
  23.62601412 -12.59284508 -31.22314757  15.08139908]
Norm=0.0000
Test i=   1
beta=[-0.38531  0.11352  0.66213  1.58602 -1.23782  2.13303 -1.95209 -0.15179
  0.58832]
Numerical Gradient:  [ -5.36010702 -44.01705382  -6.85307668  33.90708798  28.35790838
  43.18280844 -63.31900977 -39.77529559  19.4223162 ]
Analytical Gradient:  [ -5.36010985 -44.01705237  -6.85308288  33.9070821   28.35791002
  43.18281269 -63.31900402 -39.77530623  19.42231637]
Norm=0.0000
Test i=   2
beta=[ 0.28099 -0.6227  -0.20812 -0.493   -0.58936  0.8496   0.35702 -0.69291
  0.8996 ]
Numerical Gradient:  [ -0.20795596 -55.26185305 -19.6513497   -4.56552698  31.97671958
  26.70526555  -8.01318265 -29.84342018  26.42385653]
Analytical Gradient:  [ -0.20795517 -55.26185443 -19.65134743  -4.56552789  31.97671813
  26.70526882  -8.01317033 -29.84341767  26.42385611]
Norm=0.0000
Test i=   3
beta=[ 0.3073   0.81286  0.62963 -0.829   -0.56018  0.74729  0.61037 -0.0209
  0.11733]
Numerical Gradient:  [ -1.7408297  -34.63526923  -8.93742254  -9.19385457  26.12080721
  20.79997898   3.03434717 -16.46768624  16.95689207]
Analytical Gradient:  [ -1.7408202  -34.63525484  -8.93742111  -9.19385041  26.12081346
  20.79998314   3.03436067 -16.4676722   16.95689525]
Norm=0.0000
Test i=   4
beta=[ 1.27766 -0.59157  0.5471  -0.20219 -0.21768  1.09878  0.82542  0.81351
  1.30548]
Numerical Gradient:  [  8.94066261 -53.13019074  -8.26229325   5.40342171  27.58279152
  26.79614681  19.73863846  -3.47214382  39.73671028]
Analytical Gradient:  [  8.9406652  -53.13019908  -8.26229707   5.40341956  27.58279348
  26.7961481   19.73863318  -3.4721433   39.73670716]
Norm=0.0000
Test i=   5
beta=[ 0.021    0.68195 -0.31027  0.32417 -0.13014  0.097    0.59516 -0.81822
  2.09239]
Numerical Gradient:  [ -8.8034767  -36.91020538 -15.54652727  17.89176167  28.51052159
  13.53377002   9.04675517 -23.21116881  49.67299674]
Analytical Gradient:  [ -8.80347447 -36.9102205  -15.54652448  17.89176272  28.51052212
  13.53377763   9.04675114 -23.21116792  49.672985  ]
Norm=0.0000
Test i=   6
beta=[-1.00602 -1.21419  1.15811  0.79166  0.62412  0.62835 -0.01225 -0.89725
  0.0758 ]
Numerical Gradient:  [-16.66654725 -63.65638683  -3.36682433  21.0943881   48.68923043
  22.46904387 -21.86978918 -38.71824674  14.06564252]
Analytical Gradient:  [-16.66654473 -63.65639599  -3.36681662  21.09438371  48.6892245
  22.46904495 -21.86979275 -38.71824695  14.06565059]
Norm=0.0000
Test i=   7
beta=[-0.67716  0.97512 -0.14706 -0.8255  -0.32139  0.41293 -0.56372 -0.82222
  0.24369]
Numerical Gradient:  [-10.86379484 -34.68809382 -20.48452075 -14.12059305  37.88434242
  20.69278366 -37.93496148 -38.77669315   9.84866233]
Analytical Gradient:  [-10.86379899 -34.6880935  -20.4845264  -14.1206047   37.88434319
  20.69278459 -37.93496913 -38.77669381   9.84865962]
Norm=0.0000
Test i=   8
beta=[ 0.24497 -0.50694 -0.47104  0.23205 -1.44808 -1.40746 -0.71844 -0.21345
  0.31091]
Numerical Gradient:  [ -5.31620117 -48.29334443 -20.60509132   9.96354288  21.10107289
  -2.20766196 -23.96802188 -25.00968321  15.30601708]
Analytical Gradient:  [ -5.31620088 -48.29334073 -20.60509548   9.96354119  21.101064
  -2.20766127 -23.96802985 -25.00967667  15.30600539]
Norm=0.0000
Test i=   9
beta=[ 1.47536  0.85766 -0.15994 -0.01902 -1.00253 -0.01851 -0.28866  0.32272
 -0.82723]
Numerical Gradient:  [ 12.26741801 -33.48847031 -18.75596922   0.18289938  24.88941959
  14.73608791 -21.97133995 -19.55860967  -2.00510044]
Analytical Gradient:  [ 12.26741826 -33.48847903 -18.75596277   0.18289131  24.88942108
  14.73609289 -21.97133364 -19.55861836  -2.00510523]
Norm=0.0000


